217 155 (0,0) (0,0) (9,44) (9,78) (76,101)
150 179 (0,0) (0,0) (89,68) (89,78) (76,101)
180 111 (0,0) (0,0) (0,0) (30,78) (76,111)
180 111 (0,0) (0,0) (0,0) (89,68) (89,111)
150 179 (0,0) (0,0) (30,78) (30,68) (89,111)
150 179 (0,0) (0,0) (89,68) (89,78) (76,101)
217 190 (0,0) (0,44) (0,68) (89,78) (89,78)
158 190 (0,0) (0,68) (0,44) (30,78) (30,78)
167 146 (0,0) (0,68) (89,44) (89,44) (89,44)
204 171 (0,0) (0,0) (0,0) (0,0) (76,33)
204 171 (0,0) (0,0) (0,0) (0,0) (76,33)
167 161 (0,0) (0,68) (89,78) (89,78) (89,78)
















